image: ./rcj_map_move_base.pgm
resolution: 0.010000
origin: [96.000000, 66.000000, 0.000000]
negate: 0
occupied_thresh: 0.65
free_thresh: 0.196

