image: ./rcj_map_move_base.pgm
resolution: 0.010000
origin: [-0.960000, -0.660000, 0.000000]
negate: 0
occupied_thresh: 0.65
free_thresh: 0.196

